1305031910.765238 -0.0001632 -0.0000922 -0.0001301 -0.0000422 0.0000203 -0.0000306 1.0000000
1305031910.865025 -0.0265775 -0.0045354 0.0132522 0.0072549 -0.0150012 -0.0220688 0.9996176
1305031910.897222 -0.0313143 -0.0093690 0.0203496 0.0066473 -0.0247492 -0.0312840 0.9991820
1305031910.965249 -0.0452769 -0.0218061 0.0292340 0.0130466 -0.0350897 -0.0409648 0.9984590
1305031911.035050 -0.0698523 -0.0195159 0.0355108 0.0133811 -0.0525369 -0.0597042 0.9967428
1305031911.065269 -0.0835276 -0.0165805 0.0398737 0.0148703 -0.0675766 -0.0690215 0.9952127
1305031911.565335 -0.1883178 -0.0540447 0.0770231 0.0422042 -0.2239068 -0.1513867 0.9618558
1305031911.697167 -0.2005853 -0.0399550 0.0980055 0.0595038 -0.2685550 -0.1753514 0.9452986
1305031911.865269 -0.2257824 -0.0227867 0.1121426 0.0520446 -0.2988665 -0.2140290 0.9285266
1305031911.965140 -0.2438362 -0.0199597 0.1073605 0.0317115 -0.3290698 -0.2312787 0.9149960
1305031912.096953 -0.2351065 -0.0213387 0.1339067 0.0025301 -0.3836635 -0.2475178 0.8896802
1305031912.297250 -0.2352765 -0.0484233 0.1485377 0.0230971 -0.4075462 -0.3046268 0.8605667
1305031912.597090 -0.2089514 -0.0479837 0.1520639 0.0343025 -0.4565649 -0.3323261 0.8245794
1305031913.133146 -0.1686684 -0.0720067 0.1802968 0.0484580 -0.4532885 -0.3382629 0.8232616
1305031913.297160 -0.1484770 -0.0756300 0.2012788 0.0498387 -0.4033186 -0.2623318 0.8752327
1305031913.433081 -0.1111578 -0.0777031 0.2299164 0.0582415 -0.3580147 -0.2155477 0.9066271
1305031913.533297 -0.0862965 -0.0687909 0.2234285 0.0640288 -0.2851685 -0.1651691 0.9419652
1305031913.665421 -0.0529203 -0.0494047 0.2093392 0.0701934 -0.1955280 -0.1095954 0.9720240
1305031913.765028 -0.0386364 -0.0434771 0.1836968 0.0496487 -0.1246453 -0.0623668 0.9889939
1305031913.865063 -0.0139809 -0.0370881 0.1679571 0.0298494 -0.0715752 -0.0165049 0.9968519
1305031913.965134 0.0132462 -0.0242662 0.1413531 0.0231850 -0.0282485 0.0263335 0.9989850
1305031914.065072 0.0498923 -0.0066778 0.1121008 0.0221771 0.0082164 0.0693858 0.9973095
1305031914.133245 0.0772957 0.0007855 0.0919750 0.0188735 0.0311648 0.0902645 0.9952512
1305031914.233108 0.1395219 0.0040274 0.0582938 0.0192186 0.0584988 0.1143529 0.9915301
1305031914.333148 0.1758797 0.0472144 0.0366380 0.0408883 0.0938922 0.1151682 0.9880530
1305031914.465054 0.2528103 0.0783748 -0.0021360 0.0197121 0.0889962 0.1112496 0.9896033
1305031914.597122 0.3343234 0.1197919 -0.0434074 0.0091811 0.0915355 0.0956975 0.9911503
1305031914.733078 0.4098682 0.1473371 -0.0755837 -0.0076445 0.1052601 0.0852433 0.9907550
1305031914.833133 0.4528911 0.1613439 -0.0946514 -0.0192431 0.1073937 0.0831425 0.9905471
1305031915.065009 0.5782015 0.1892474 -0.1422277 -0.0099257 0.0701236 0.0685915 0.9951278
1305031915.165021 0.6358922 0.1887129 -0.1614082 -0.0044204 0.0613059 0.0460872 0.9970446
1305031915.333207 0.7232431 0.2041050 -0.1828303 0.0118851 0.0271581 0.0032547 0.9995552
1305031915.464920 0.8041052 0.1990224 -0.1935900 0.0132944 -0.0216270 -0.0391721 0.9989100
1305031915.564985 0.8697574 0.1887269 -0.2016036 0.0082130 -0.0611791 -0.0784979 0.9950014
1305031915.665003 0.9319816 0.1730823 -0.2064241 0.0095330 -0.0659391 -0.1070853 0.9920151
1305031915.765010 0.9648961 0.1843829 -0.2071018 0.0144347 -0.0857823 -0.1206372 0.9888780
1305031915.865069 1.0246915 0.1739635 -0.2002429 0.0092179 -0.1378431 -0.1449788 0.9797425
1305031915.965061 1.0819898 0.1536492 -0.1849559 -0.0026056 -0.1732096 -0.1702942 0.9700472
1305031916.065060 1.1284690 0.1127364 -0.1713810 -0.0063681 -0.1910126 -0.1963911 0.9617194
1305031916.133093 1.1512277 0.0943243 -0.1758816 0.0306258 -0.2118021 -0.2056750 0.9549344
1305031916.265060 1.2361728 0.0859348 -0.1689265 0.0889987 -0.2813959 -0.2182794 0.9301880
1305031916.401006 1.3103367 0.0500883 -0.1657780 0.1549638 -0.3000947 -0.2387593 0.9104522
1305031916.533266 1.3460271 0.0272856 -0.1733806 0.2048189 -0.3218562 -0.2210730 0.8975436
1305031916.665139 1.3927369 -0.0059993 -0.1535201 0.2347987 -0.3738223 -0.2153167 0.8710713
1305031916.801088 1.4253244 -0.0443032 -0.1200580 0.2637194 -0.4087334 -0.2058152 0.8491344
1305031916.933088 1.4524764 -0.0896272 -0.0882306 0.2878408 -0.4455837 -0.1901658 0.8260992
1305031917.033155 1.4581450 -0.1453135 -0.0825661 0.3075089 -0.4666986 -0.1794911 0.8095762
1305031917.133106 1.4813253 -0.1298360 -0.0045794 0.3621374 -0.4842431 -0.1671726 0.7787287
1305031917.233102 1.5086107 -0.1411845 0.0341247 0.4065877 -0.4927234 -0.1480379 0.7549801
1305031917.301107 1.5245489 -0.1743701 0.0189489 0.4198433 -0.5000734 -0.1365104 0.7449987
1305031917.401065 1.5573149 -0.2241110 -0.0038573 0.4104034 -0.5105967 -0.1418851 0.7421110
1305031917.465076 1.5714369 -0.2478594 -0.0375387 0.3880417 -0.5084661 -0.1508756 0.7537389
1305031917.501158 1.5791674 -0.2503226 -0.0092513 0.3749627 -0.5089333 -0.1575706 0.7586576
1305031917.565195 1.5951729 -0.2505082 0.0397584 0.3518575 -0.5093692 -0.1766385 0.7652047
1305031917.633090 1.6095564 -0.2365266 0.0856737 0.3312998 -0.5109363 -0.1938136 0.7691689
1305031917.733003 1.6356468 -0.2144004 0.1397761 0.2964447 -0.5193833 -0.2078619 0.7740510
1305031917.801048 1.6628851 -0.2061623 0.1568199 0.2621261 -0.5235969 -0.2213634 0.7798297
1305031917.865107 1.6878859 -0.2123367 0.1725450 0.2253120 -0.5255666 -0.2401829 0.7844275
1305031917.932948 1.7054266 -0.2163662 0.1815144 0.1906382 -0.5182127 -0.2640095 0.7908297
1305031918.065137 1.7241628 -0.2594339 0.2276444 0.1243393 -0.5103896 -0.3098780 0.7924758
1305031918.233042 1.7720876 -0.2979774 0.3015377 0.0799507 -0.5092438 -0.3588070 0.7781620
1305031918.401030 1.8194486 -0.3403126 0.4007210 0.0395954 -0.4828452 -0.4115583 0.7719537
1305031918.533134 1.8429776 -0.3850360 0.4821616 0.0151600 -0.4526969 -0.4401000 0.7753372
1305031918.701017 1.8622285 -0.4477648 0.5660409 -0.0064537 -0.4368234 -0.4626112 0.7714496
1305031918.865115 1.8777797 -0.5281660 0.6318586 0.0142179 -0.4357835 -0.5076247 0.7431068
1305031919.101028 1.8900039 -0.6097665 0.7184785 0.0417594 -0.4893322 -0.5682305 0.6602457
1305031919.501049 1.9238771 -0.7563665 0.8810365 0.0369240 -0.5878896 -0.6309052 0.5049565
1305031919.701092 1.9222783 -0.8659572 0.9316629 -0.0442608 0.6185580 0.6227589 -0.4770727
1305031919.801129 1.9185259 -0.8976720 0.9470534 -0.0507034 0.6376566 0.6041068 -0.4752665
1305031919.965129 1.8675351 -0.9518017 0.9882041 -0.0114573 0.6846099 0.5793500 -0.4421895
1305031920.033118 1.8496407 -0.9675694 0.9952680 0.0007787 0.7000843 0.5667465 -0.4343728
1305031920.132987 1.8050203 -0.9787464 1.0233049 0.0167026 0.7250724 0.5545177 -0.4080455
1305031920.201166 1.7785641 -0.9844608 1.0476727 0.0145833 0.7307017 0.5526053 -0.4006117
1305031920.265120 1.7395202 -0.9908929 1.0634987 0.0086546 0.7276118 0.5481225 -0.4123927
1305031920.333124 1.7077367 -0.9977177 1.0740262 0.0006713 0.7206773 0.5367791 -0.4387391
1305031920.401115 1.6725863 -1.0025122 1.0847502 -0.0040138 0.7105022 0.5240173 -0.4696555
1305031920.501107 1.6390116 -1.0068692 1.0829468 0.0240932 -0.6970781 -0.5045276 0.5088748
1305031920.633105 1.5966082 -1.0213950 1.0859957 0.0413745 -0.6941873 -0.4791163 0.5355742
1305031920.733091 1.5563593 -1.0456563 1.1014159 0.0568733 -0.6740724 -0.4543079 0.5796518
1305031920.865163 1.5316058 -1.0706890 1.1007226 0.0864934 -0.6425510 -0.4223803 0.6334367
1305031921.033111 1.4986438 -1.1077491 1.1110579 0.1038026 -0.6009428 -0.3883866 0.6908318
1305031921.401108 1.4230005 -1.1985506 1.1380088 0.1217747 -0.5169734 -0.3737454 0.7604102
1305031921.633107 1.3948430 -1.2515591 1.1697795 0.1332202 -0.4565632 -0.3306848 0.8151380
1305031921.701068 1.4199507 -1.3126489 1.2248528 0.1278746 -0.4453622 -0.3154700 0.8281179
1305031921.833122 1.3715355 -1.2918581 1.2062609 0.1354747 -0.3649270 -0.2946578 0.8727266
1305031922.265183 1.2941775 -1.3101468 1.2542357 0.1195939 -0.2376999 -0.2380253 0.9340985
1305031922.701355 1.2444534 -1.2897395 1.2723737 0.0807305 -0.1136040 -0.2217576 0.9650908
1305031923.165168 1.2684702 -1.2984184 1.2891616 0.0980993 -0.0270178 -0.1570177 0.9823400
1305031923.465290 1.3219055 -1.2763226 1.2845625 0.1015554 0.0331445 -0.0939607 0.9898279
1305031923.665141 1.3713002 -1.2670565 1.2463379 0.1247592 0.0479905 -0.0565736 0.9894097
1305031923.901121 1.4361850 -1.2257916 1.1790605 0.1416168 0.0604408 -0.0518546 0.9867131
1305031924.065224 1.4859442 -1.1760128 1.1327429 0.1492916 0.0776025 -0.0627064 0.9837468
1305031924.301099 1.5516455 -1.1226857 1.0784519 0.1421928 0.0652948 -0.0735072 0.9849439
1305031924.501116 1.5918142 -1.0751719 1.0246340 0.1402012 0.0340429 -0.0870428 0.9857019
1305031924.865165 1.6645994 -0.9905239 0.9597251 0.1802751 -0.0211982 -0.0881917 0.9794252
1305031925.233193 1.7043825 -0.8936850 0.9028695 0.1817950 -0.0502067 -0.1017609 0.9767674
1305031925.533321 1.7574761 -0.8058999 0.8628281 0.1835601 -0.0497432 -0.1240917 0.9738750
1305031925.769246 1.8306268 -0.7399096 0.8386162 0.1812536 -0.0339930 -0.0949534 0.9782512
1305031925.869197 1.8596820 -0.7171872 0.8356545 0.1587366 -0.0198079 -0.0858783 0.9833795
1305031926.001186 1.8962495 -0.6888916 0.8229245 0.1279123 -0.0061095 -0.0642489 0.9896834
1305031926.169101 1.9459080 -0.6493789 0.7913801 0.1108872 0.0111863 -0.0509369 0.9924638
1305031926.301054 1.9813761 -0.6167181 0.7558860 0.1074209 0.0384352 -0.0418949 0.9925867
1305031926.501075 2.0340097 -0.5775359 0.7008185 0.1088923 0.0899012 -0.0099742 0.9899297
1305031926.733207 2.0459406 -0.5231534 0.6406908 0.1172343 0.1571940 0.0507012 0.9792730
1305031926.869333 2.0527518 -0.5168906 0.6213176 0.1053371 0.2158845 0.1064239 0.9648688
1305031927.033929 2.0672228 -0.4914007 0.6036160 0.0840101 0.3031108 0.1803378 0.9319573
1305031927.169161 2.0946920 -0.4675144 0.5810831 0.0560710 0.3449097 0.2354208 0.9069015
1305031927.301135 2.1094313 -0.4041704 0.5561121 0.0233015 0.3573538 0.2759855 0.8919570
1305031927.533182 2.1348035 -0.3170183 0.5424988 -0.0179335 0.3785036 0.3256402 0.8662401
1305031928.001134 2.2212558 -0.1950557 0.4850217 -0.0805692 0.3530891 0.2859930 0.8871554
1305031928.333609 2.3072460 -0.1153513 0.3787499 -0.0937580 0.3807384 0.3103386 0.8659894
1305031928.501428 2.3561764 -0.0982202 0.3242981 -0.0753189 0.4213143 0.3651814 0.8267187
1305031928.633595 2.4011579 -0.0941261 0.2439611 -0.0445481 0.4554372 0.4029312 0.7926152
1305031928.769202 2.4116995 -0.0963134 0.2075019 -0.0104173 0.5064680 0.4029467 0.7622438
1305031928.901197 2.4078925 -0.1190138 0.1808562 0.0274635 0.5552624 0.3963269 0.7306535
1305031929.033640 2.4037926 -0.1443379 0.1543565 0.0675570 0.6095372 0.3754176 0.6949548
1305031929.201163 2.3874826 -0.1625138 0.1196717 0.1196149 0.6767643 0.3461964 0.6386160
1305031929.401369 2.3764253 -0.2404558 0.0833535 0.1768554 0.7330050 0.3279683 0.5690893
1305031929.801229 2.3556147 -0.4497033 0.0880149 0.2370343 0.7898045 0.2627253 0.5009981
1305031930.501044 2.1503553 -0.2486932 0.0519848 0.2028336 0.8214487 0.3073526 0.4354480
1305031931.033023 2.0722909 -0.1137546 0.0910682 0.0937269 0.7649865 0.4603268 0.4405794
1305031931.300955 2.0534291 -0.0479592 0.0900047 0.0303701 0.7380480 0.5523378 0.3863752
1305031931.669064 2.1174090 -0.0105540 0.1072888 0.0055296 0.7430479 0.6207088 0.2501397
1305031932.600957 2.3672793 0.0807294 0.0644876 0.0780438 0.7122903 0.6302054 0.2989863
1305031932.800821 2.4190953 0.0797110 0.0293874 0.0898534 0.7105072 0.5872994 0.3770746
1305031932.968787 2.4606204 0.0800245 0.0040567 0.1003992 0.7201107 0.5441506 0.4186417
1305031933.132911 2.4762926 0.0938209 -0.0335213 0.0990095 0.7373381 0.5238721 0.4148345
1305031933.568861 2.4748378 0.1401012 -0.0232330 0.0995218 0.7833123 0.5356619 0.2993052
1305031933.868855 2.4261539 0.1558580 0.0086600 0.0916487 0.8049548 0.5634771 0.1616842
1305031934.132845 2.3672981 0.1507344 0.0551253 0.0664485 0.7963089 0.5926016 0.1014889
1305031934.300934 2.3134482 0.1385946 0.0822607 0.0547781 0.7895054 0.6071524 0.0710387
1305031934.469287 2.2501955 0.1289839 0.0926396 0.0428149 0.7840571 0.6128630 0.0884322
1305031934.668984 2.1615641 0.1137566 0.0934661 0.0179493 0.7894989 0.6029623 0.1131630
1305031934.801627 2.0996556 0.0986697 0.0861418 0.0040275 0.7924473 0.5939048 0.1388814
1305031934.937234 2.0296140 0.0928330 0.0751232 -0.0063676 0.7985780 0.5759235 0.1747707
1305031935.069722 1.9631376 0.0853025 0.0543358 -0.0124272 0.8117351 0.5465467 0.2054711
1305031935.169281 1.9141495 0.0813188 0.0340804 -0.0095926 0.8155493 0.5365393 0.2165937
1305031935.300805 1.8568325 0.0778082 0.0056098 0.0080409 0.8148785 0.5343578 0.2244328
1305031935.400848 1.8167528 0.0776404 -0.0208067 0.0198549 0.8162009 0.5389806 0.2071759
1305031935.500863 1.7866102 0.0831674 -0.0518721 0.0377724 0.8198287 0.5414096 0.1825643
1305031935.568783 1.7662634 0.0851795 -0.0722546 0.0484226 0.8279216 0.5334122 0.1663508
1305031935.636916 1.7447382 0.0833724 -0.0967819 0.0527869 0.8419392 0.5177221 0.1425331
1305031935.700948 1.7186849 0.0764489 -0.1150795 0.0469253 0.8611395 0.4930663 0.1145528
1305031935.768974 1.6862955 0.0626346 -0.1346415 0.0281433 0.8804601 0.4665100 0.0797891
1305031935.869025 1.6635659 0.0536594 -0.1557049 0.0102382 0.8977721 0.4389705 0.0347188
1305031935.969109 1.6377124 0.0377617 -0.1866191 -0.0010268 0.9097689 0.4149800 0.0105386
1305031936.100718 1.6110357 0.0355980 -0.2088476 -0.0202721 0.9245546 0.3802980 -0.0127018
1305031936.268981 1.5777248 0.0310927 -0.2354697 -0.0191228 0.9346870 0.3511174 -0.0520676
1305031936.500753 1.5275986 0.0296661 -0.2672491 0.0159073 0.9444061 0.3114305 -0.1041882
1305031936.836845 1.4547119 0.0900824 -0.2758610 0.0398342 0.9449506 0.3020425 -0.1193808
1305031936.936914 1.4148046 0.1185636 -0.2834346 0.0490458 0.9343759 0.3379020 -0.1017759
1305031937.036874 1.3777171 0.1362758 -0.3011791 0.0572134 0.9190965 0.3810360 -0.0824612
1305031937.136838 1.3426268 0.1716538 -0.3060142 0.0690295 0.9049286 0.4162768 -0.0552521
1305031937.236893 1.3147806 0.1973661 -0.3091945 0.0843130 0.8858336 0.4545735 -0.0394110
1305031937.336862 1.2890263 0.2360488 -0.3053937 0.0991341 0.8645697 0.4919570 -0.0258820
1305031937.438211 1.2674018 0.2739532 -0.2962397 0.1021041 0.8460642 0.5226857 -0.0234488
1305031937.536931 1.2599671 0.2988570 -0.2967269 0.1015657 0.8208261 0.5618467 -0.0160420
1305031937.636891 1.2492898 0.3335555 -0.2820697 0.1014628 0.7947163 0.5982713 -0.0142380
1305031937.736899 1.2258109 0.3749379 -0.2688616 0.1001948 0.7720344 0.6273074 -0.0202303
1305031937.836877 1.2076780 0.4081278 -0.2596814 0.0919914 0.7575248 0.6456130 -0.0296237
1305031937.936960 1.1848693 0.4393095 -0.2488516 0.0879396 0.7424794 0.6618921 -0.0537571
1305031938.036945 1.1542774 0.4754477 -0.2428304 0.0846325 0.7267451 0.6760972 -0.0870148
1305031938.236878 1.1128688 0.5146238 -0.2351473 0.0890643 0.6877591 0.7012714 -0.1651467
1305031938.368914 1.0620490 0.5356503 -0.2177916 0.0888149 0.6744553 0.7013476 -0.2129163
1305031938.501288 1.0320221 0.5403477 -0.2128774 0.0736241 0.6712643 0.6917868 -0.2557632
1305031938.568999 1.0222880 0.5380375 -0.2111277 0.0565194 0.6779245 0.6806715 -0.2718645
1305031938.637299 1.0197031 0.5341266 -0.2058092 0.0379859 0.6875462 0.6654540 -0.2881116
1305031938.700851 1.0109522 0.5195087 -0.2086794 0.0196223 0.6993278 0.6481488 -0.3007636
1305031938.769073 1.0036258 0.5048559 -0.2170794 -0.0039278 0.7123926 0.6281641 -0.3128759
1305031938.836754 1.0063653 0.4954589 -0.2345397 -0.0316256 0.7241741 0.6057423 -0.3280974
1305031938.900976 1.0096141 0.4776852 -0.2396727 -0.0599245 0.7372510 0.5800166 -0.3412487
1305031938.936828 0.9962885 0.4606423 -0.2525121 -0.0655999 0.7411211 0.5710698 -0.3468652
1305031938.969026 0.9829188 0.4413539 -0.2634605 -0.0697110 0.7460260 0.5615805 -0.3510170
1305031939.037090 0.9742762 0.4141095 -0.2729427 -0.0786251 0.7563702 0.5421696 -0.3574554
1305031939.300842 0.9717776 0.3368112 -0.2876446 -0.1205324 0.8089135 0.4369855 -0.3743988
1305031939.500839 0.9748454 0.2758784 -0.3163563 -0.1507189 0.8419114 0.3555118 -0.3769354
1305031939.768919 0.9786530 0.2153735 -0.3040003 -0.1507028 0.8475050 0.3141668 -0.4004037
1305031939.937192 0.9662338 0.1883569 -0.2746183 -0.1451163 0.8230154 0.3121958 -0.4517972
1305031940.104265 0.9322846 0.1888023 -0.2793736 0.1468690 -0.7689499 -0.3401730 0.5209873
1305031940.369236 0.8851034 0.2012919 -0.2813917 0.1425519 -0.6986001 -0.3300257 0.6186436
1305031940.603364 0.8247089 0.2750036 -0.2782054 0.1126847 -0.6140009 -0.3105955 0.7168232
1305031940.869689 0.7773576 0.3034021 -0.2407615 0.1134641 -0.5463995 -0.3124125 0.7687469
1305031941.236705 0.6118000 0.3628115 -0.1846549 0.0968567 -0.4611035 -0.3422093 0.8129546
1305031941.736866 0.3973270 0.3873878 -0.1260930 0.0414151 -0.3356936 -0.2372252 0.9106694
1305031942.071082 0.2452902 0.4469647 -0.1345881 0.0867471 -0.2918087 -0.2208182 0.9265862
1305031942.370761 0.1500997 0.5249812 -0.1114742 0.0482000 -0.2587427 -0.2391765 0.9346249
1305031942.936816 -0.0009512 0.5301389 -0.0120797 0.0198178 -0.2898313 -0.2838187 0.9138118
1305031943.339941 -0.0669014 0.4195479 0.0624570 0.0217102 -0.3164962 -0.2901463 0.9028699
1305031943.501108 -0.0799844 0.3360949 0.0752745 0.0451945 -0.3306467 -0.2784146 0.9006195
1305031943.707251 -0.0878070 0.2514083 0.0760303 0.0664297 -0.3309172 -0.2678927 0.9023937
1305031943.936768 -0.1100396 0.1614540 0.0491948 0.1105686 -0.3489930 -0.2690214 0.8908457
1305031944.206998 -0.0858747 0.1335758 0.0425760 0.1885676 -0.3396303 -0.2114775 0.8968672
1305031944.438724 -0.0264376 0.1371762 0.0468348 0.1973979 -0.3045917 -0.1586775 0.9181936
1305031944.671779 0.0283407 0.1346440 0.0218359 0.1639683 -0.2172361 -0.1162128 0.9552054
1305031944.839956 0.0369715 0.1308112 0.0076935 0.1357084 -0.1443349 -0.1043868 0.9746045
1305031945.007437 0.0597067 0.0834902 0.0043913 0.1211861 -0.1083288 -0.0837194 0.9831429
1305031945.039937 0.0621020 0.0780010 -0.0006938 0.1392539 -0.1058595 -0.0750987 0.9817140
1305031945.168992 0.0887397 0.0690647 -0.0104192 0.2125519 -0.1221612 -0.0552445 0.9679083
1305031945.369056 0.1219344 0.0595497 -0.0148830 0.2742086 -0.1264830 -0.0578068 0.9515619
1305031945.538422 0.1707526 0.0304720 -0.0059424 0.3177850 -0.1450481 -0.0640268 0.9348125
1305031945.706215 0.2565405 0.0599464 0.0260767 0.3236598 -0.1328087 -0.0544618 0.9352219
1305031945.838266 0.3036371 0.0760055 0.0445913 0.2900900 -0.1118504 -0.0538754 0.9489124
1305031945.969300 0.3479567 0.0964123 0.0668616 0.2218146 -0.0823930 -0.0443219 0.9705901
1305031946.069057 0.3631847 0.1043047 0.0731065 0.1726355 -0.0459867 -0.0298672 0.9834583
1305031946.306775 0.3772670 0.1401815 0.0470082 0.1207686 -0.0112371 -0.0192143 0.9924311
1305031946.637163 0.4292501 0.2493799 -0.0809126 0.0838123 -0.0240258 -0.0259053 0.9958550
1305031946.969064 0.4671895 0.3448126 -0.2166522 0.0695747 -0.0049898 -0.0280913 0.9971687
1305031947.304951 0.5686660 0.3913667 -0.2684117 0.0545579 -0.0127612 -0.0445643 0.9974340
1305031947.568989 0.6861145 0.3699556 -0.2508821 0.0538800 -0.0721649 -0.0928958 0.9915944
1305031947.736979 0.7875923 0.3507811 -0.2420228 0.0763563 -0.1367300 -0.1521964 0.9758642
1305031947.968976 0.9182882 0.3539460 -0.2178290 0.1089812 -0.1937268 -0.2175921 0.9503929
1305031948.337101 1.0649537 0.2877923 -0.1345005 0.1074246 -0.2604284 -0.2505447 0.9262097
1305031948.605001 1.1600879 0.1946259 -0.0162056 0.0796992 -0.2460865 -0.2617340 0.9298305
1305031948.837073 1.2380376 0.1255092 0.0750207 0.0592932 -0.2161344 -0.2750843 0.9349325
1305031949.005006 1.2860405 0.1015556 0.1426387 -0.0033344 -0.2020968 -0.2703483 0.9413063
1305031949.168946 1.3204272 0.0889622 0.2106065 -0.0741265 -0.2005752 -0.2887722 0.9332125
1305031949.405064 1.3789955 0.0479874 0.2855396 -0.1198969 -0.2542463 -0.3570347 0.8907917
1305031949.637172 1.4104239 -0.0314340 0.3060401 -0.0947451 -0.3035425 -0.3983022 0.8603724
1305031949.768985 1.4163822 -0.0850836 0.3007936 -0.0457634 -0.3334610 -0.3963833 0.8541602
1305031949.968881 1.4300131 -0.1583347 0.2859333 0.0554376 -0.3692963 -0.3684342 0.8513537
1305031950.104966 1.4282879 -0.2220053 0.2766674 0.1158115 -0.3666322 -0.3235816 0.8645597
1305031950.168914 1.4253412 -0.2509925 0.2708865 0.1626333 -0.3719274 -0.2869854 0.8676749
1305031950.237027 1.4308416 -0.2725447 0.2665761 0.2136504 -0.3750918 -0.2533829 0.8657117
1305031950.304978 1.4405911 -0.2831146 0.2649054 0.2551108 -0.3736767 -0.2348855 0.8602982
1305031950.368911 1.4394833 -0.3052258 0.2599982 0.2881241 -0.3737257 -0.2204270 0.8536543
1305031950.436983 1.4348056 -0.3171055 0.2625341 0.3187915 -0.3809927 -0.2094407 0.8422298
1305031950.568883 1.4539812 -0.3130466 0.2997399 0.3528355 -0.3953328 -0.1945783 0.8254444
1305031950.604862 1.4550512 -0.2978105 0.3178768 0.3542704 -0.3943114 -0.1891589 0.8265772
1305031950.804899 1.4459851 -0.2574616 0.3633284 0.2909401 -0.3889090 -0.2089216 0.8487964
1305031951.036930 1.4696484 -0.2970489 0.3780064 0.1821970 -0.3851173 -0.2595932 0.8666604
1305031951.204914 1.5236545 -0.2700298 0.4101517 0.1452897 -0.3921651 -0.3008877 0.8570671
1305031951.304862 1.5584929 -0.2851261 0.4251598 0.1145650 -0.3966995 -0.3513401 0.8402764
1305031951.404865 1.6048057 -0.2925695 0.4572706 0.0980066 -0.3973897 -0.3954076 0.8222706
1305031951.504916 1.6541566 -0.3054484 0.4979775 0.0780787 -0.3906251 -0.4154944 0.8177286
1305031951.704880 1.7230558 -0.3409319 0.5876234 0.0342158 -0.3629493 -0.4236035 0.8292510
1305031951.936962 1.7630157 -0.3912284 0.6976810 -0.0269523 -0.3143493 -0.4255801 0.8481389
1305031952.105135 1.7660491 -0.4309563 0.7627783 -0.0461899 -0.3270622 -0.4273693 0.8415772
1305031952.236877 1.7652369 -0.4627137 0.8038751 -0.0379859 -0.3782917 -0.4604787 0.8021295
1305031952.336993 1.7591836 -0.4978021 0.8255195 -0.0288422 -0.4051988 -0.4911962 0.7705247
1305031952.468939 1.7457184 -0.5428454 0.8553184 -0.0233198 -0.4076006 -0.4891382 0.7707540
1305031952.568932 1.7332547 -0.5691793 0.8762639 -0.0146583 -0.4108583 -0.4819579 0.7737553
1305031952.668899 1.7219297 -0.5871061 0.8914684 -0.0001793 -0.4234912 -0.4712310 0.7736902
1305031952.804919 1.7060702 -0.5964193 0.8962893 0.0226586 -0.4646426 -0.4529192 0.7605643
1305031952.972903 1.7053461 -0.6192306 0.9053031 0.0533964 -0.5482507 -0.4392729 0.7096543
1305031953.137098 1.6981548 -0.6570088 0.9147657 0.0651566 -0.5887765 -0.4422586 0.6734272
1305031953.337012 1.6917682 -0.6888078 0.9058785 0.0926931 -0.6173622 -0.4551501 0.6349097
1305031953.504919 1.6991603 -0.6939442 0.8789729 0.0897051 -0.6431887 -0.4488516 0.6138352
1305031953.804859 1.7354569 -0.6731703 0.8463888 0.0343452 -0.6252811 -0.4449423 0.6402111
1305031954.004852 1.7574414 -0.6590889 0.8391659 0.0116875 -0.5587065 -0.4344661 0.7063637
1305031954.304869 1.7755173 -0.6304495 0.7467009 0.0517740 -0.4550242 -0.4352351 0.7751405
1305031954.536934 1.7933562 -0.5812300 0.6521618 0.0572465 -0.4177593 -0.4239017 0.8015656
1305031954.773183 1.7804848 -0.5199039 0.5506846 0.0700412 -0.3978226 -0.3995896 0.8228970
1305031955.036969 1.7773290 -0.4625556 0.4871266 0.0783911 -0.3711423 -0.3856825 0.8410454
1305031955.536891 1.7581739 -0.3919889 0.4691870 0.0361051 -0.3262146 -0.3883460 0.8610853
